f1: 0.947220 0.899732 1.000000 0.452843 0.448104 0.457684
f1: 0.184320 0.132118 0.304721 0.161167 0.116164 0.263090
f1: 0.623089 0.479920 0.887995 0.563225 0.439365 0.784333
